(386,List(385, 386, 387, 388))
(454,List(453, 454, 455, 456))
(1084,List(1082, 1084, 1085, 1964))
(1426,List(932, 1419, 1426, 1426, 1427, 1428, 1428, 1429))
(772,List(770, 771, 772, 773))
(1786,List(1786, 1787, 1788, 1789))
(180,List(180, 182, 775, 1398))
(1080,List(1078, 1080, 1134, 1210))
(320,List(320, 321, 322, 323))
(752,List(751, 752, 753, 754))
(1868,List(1867, 1868, 1869, 1870))
(408,List(405, 406, 407, 408))
(586,List(586, 587, 588, 1357))
(428,List(425, 426, 427, 428))
(1900,List(1371, 1453, 1897, 1897, 1899, 1900, 1900, 1934))
(1328,List(1326, 1327, 1328, 1329))
(464,List(263, 463, 464, 464, 465, 466, 566, 1206))
(1894,List(1892, 1893, 1894, 1895))
(346,List(346, 348, 461, 1147))
(466,List(463, 464, 465, 466))
(1880,List(1114, 1115, 1222, 1268, 1269, 1620, 1880, 1880, 1880, 1937, 1989, 1993))
(912,List(911, 912, 947, 1488))
(1338,List(1336, 1337, 1338, 1339))
(1494,List(333, 1491, 1493, 1494, 1494, 1512, 1597, 1600))
(1336,List(1336, 1337, 1338, 1339))
(140,List(137, 138, 139, 140))
(204,List(201, 202, 203, 204))
(514,List(511, 512, 513, 514))
(390,List(390, 393, 1654, 1936))
(226,List(226, 227, 228, 1367))
(318,List(315, 316, 317, 318))
(1060,List(867, 868, 1060, 1060, 1089, 1508, 1548, 1977))
(1466,List(1466, 1467, 1468, 1469))
(1128,List(1127, 1128, 1129, 1130))
(1414,List(1412, 1414, 1442, 1914))
(12,List(10, 11, 12, 13))
(576,List(575, 576, 577, 578))
(1162,List(1162, 1162, 1163, 1165, 1455, 1463, 1757, 1782))
(1876,List(842, 927, 929, 1194, 1723, 1869, 1876, 1876))
(1570,List(1512, 1515, 1522, 1567, 1568, 1569, 1570, 1570))
(228,List(226, 227, 228, 1367))
(712,List(710, 711, 712, 713))
(1416,List(1416, 1419, 1680, 1893))
(492,List(491, 492, 493, 494))
(1148,List(1147, 1148, 1149, 1150))
(160,List(157, 158, 159, 160))
(1282,List(783, 1007, 1281, 1282, 1282, 1283, 1284, 1938))
(512,List(511, 512, 513, 514))
(1168,List(1167, 1168, 1169, 1170))
(1596,List(1246, 1247, 1248, 1596))
(1882,List(1018, 1019, 1337, 1729, 1730, 1731, 1882, 1882, 1882, 1882, 1884, 1884, 1885, 1885, 1933, 1933))
(1304,List(1301, 1302, 1303, 1304))
(1246,List(1246, 1247, 1248, 1596))
(992,List(170, 172, 991, 992, 992, 993, 1533, 1652))
(366,List(365, 366, 367, 368))
(22,List(22, 915, 1055, 1769))
(460,List(460, 461, 677, 1484))
(548,List(545, 546, 547, 548))
(1404,List(1401, 1402, 1403, 1404))
(646,List(644, 646, 647, 1689))
(1630,List(1629, 1630, 1631, 1632))
(1838,List(1664, 1666, 1667, 1836, 1837, 1838, 1838, 1839))
(1908,List(1907, 1908, 1909, 1910))
(842,List(842, 1723, 1869, 1876))
(696,List(695, 696, 697, 698))
(1550,List(1547, 1548, 1550, 1839))
(626,List(623, 624, 625, 626))
(1632,List(1629, 1630, 1631, 1632))
(1654,List(390, 393, 1517, 1519, 1654, 1654, 1654, 1655, 1656, 1657, 1845, 1936))
(558,List(555, 556, 557, 558))
(1150,List(1147, 1148, 1149, 1150))
(1782,List(1162, 1463, 1757, 1781, 1782, 1782, 1783, 1784))
(1716,List(1714, 1715, 1716, 1717))
(1308,List(1306, 1308, 1309, 1757))
(1910,List(1907, 1908, 1909, 1910))
(1386,List(1386, 1387, 1388, 1389))
(944,List(942, 944, 1175, 1711))
(1848,List(1846, 1846, 1847, 1847, 1848, 1848, 1849, 1850))
(1202,List(1202, 1203, 1204, 1278))
(1862,List(847, 848, 1398, 1862, 1862, 1863, 1864, 1865))
(878,List(876, 877, 878, 1649))
(196,List(196, 197, 198, 199))
(1816,List(1815, 1816, 1817, 1968))
(636,List(634, 635, 636, 1760))
(1158,List(1158, 1159, 1160, 1986))
(1068,List(1067, 1068, 1070, 1114))
(96,List(95, 96, 97, 98))
(338,List(335, 336, 337, 338))
(1104,List(1102, 1104, 1105, 1402))
(524,List(521, 522, 524, 1281))
(848,List(847, 848, 1398, 1862))
(1486,List(1486, 1487, 1488, 1705))
(698,List(695, 696, 697, 698))
(962,List(961, 962, 963, 964))
(1942,List(806, 1050, 1052, 1153, 1155, 1481, 1516, 1904, 1942, 1942, 1942, 1942, 1943, 1944, 1944, 1945))
(1010,List(1007, 1008, 1010, 1953))
(1670,List(1669, 1670, 1671, 1672))
(918,List(915, 918, 1392, 1427))
(216,List(216, 217, 1402, 1667))
(1316,List(220, 221, 222, 1316, 1316, 1317, 1318, 1319))
(1098,List(1098, 1099, 1100, 1542))
(1714,List(1714, 1715, 1716, 1717))
(1592,List(896, 897, 898, 1592, 1592, 1593, 1594, 1940))
(1190,List(1187, 1188, 1189, 1190))
(98,List(95, 96, 97, 98))
(1296,List(188, 890, 892, 893, 1296, 1296, 1296, 1343, 1376, 1394, 1402, 1508))
(1636,List(1634, 1635, 1636, 1637))
(1402,List(188, 216, 217, 1102, 1104, 1105, 1296, 1401, 1402, 1402, 1402, 1402, 1403, 1404, 1508, 1667))
(246,List(245, 246, 247, 1445))
(754,List(751, 752, 753, 754))
(92,List(90, 91, 92, 93))
(1320,List(487, 532, 1320, 1956))
(1946,List(1137, 1139, 1140, 1946))
(1262,List(1261, 1262, 1263, 1264))
(1406,List(1406, 1407, 1408, 1409))
(1970,List(1967, 1968, 1969, 1970))
(72,List(70, 71, 72, 73))
(1664,List(691, 1565, 1664, 1664, 1666, 1667, 1838, 1974))
(1324,List(1322, 1323, 1324, 1669))
(1198,List(1198, 1199, 1200, 1707))
(736,List(735, 736, 737, 738))
(78,List(75, 76, 77, 78))
(144,List(142, 143, 144, 145))
(1120,List(1118, 1119, 1120, 1851))
(652,List(650, 651, 652, 1690))
(494,List(491, 492, 493, 494))
(968,List(967, 968, 969, 1927))
(1852,List(1851, 1852, 1853, 1854))
(1984,List(1982, 1983, 1984, 1985))
(122,List(120, 121, 122, 123))
(592,List(592, 593, 1326, 1436))
(1468,List(1466, 1467, 1468, 1469))
(1940,List(1592, 1593, 1594, 1937, 1938, 1939, 1940, 1940))
(76,List(75, 76, 77, 78))
(326,List(325, 326, 327, 328))
(1932,List(1172, 1175, 1341, 1598, 1874, 1925, 1932, 1932, 1932, 1933, 1934, 1935))
(1800,List(1797, 1798, 1799, 1800))
(1192,List(1192, 1193, 1194, 1615))
(1656,List(1654, 1655, 1656, 1657))
(1264,List(1261, 1262, 1263, 1264))
(1854,List(1851, 1852, 1853, 1854))
(430,List(430, 431, 432, 433))
(902,List(900, 902, 903, 1038))
(1928,List(1927, 1928, 1929, 1930))
(1696,List(1694, 1695, 1696, 1697))
(1918,List(1917, 1918, 1919, 1920))
(1398,List(148, 149, 150, 180, 182, 775, 847, 848, 1398, 1398, 1398, 1398, 1399, 1542, 1862, 1863))
(1428,List(932, 1419, 1426, 1426, 1427, 1428, 1428, 1429))
(1968,List(1815, 1816, 1817, 1967, 1968, 1968, 1969, 1970))
(1142,List(45, 46, 48, 1142, 1142, 1143, 1145, 1524))
(164,List(164, 165, 166, 167))
(984,List(981, 982, 983, 984))
(1368,List(177, 537, 1366, 1367, 1368, 1368, 1405, 1510))
(1574,List(1572, 1573, 1574, 1575))
(948,List(947, 948, 949, 1713))
(1774,List(1771, 1772, 1773, 1774))
(8,List(5, 7, 8, 1663))
(1172,List(1172, 1175, 1598, 1932))
(1424,List(1422, 1423, 1424, 1938))
(372,List(370, 372, 373, 1490))
(1044,List(1042, 1043, 1044, 1045))
(1210,List(957, 958, 1078, 1080, 1134, 1207, 1208, 1209, 1210, 1210, 1210, 1351))
(536,List(535, 536, 537, 538))
(1674,List(1674, 1675, 1676, 1677))
(1100,List(1098, 1099, 1100, 1542))
(1124,List(1124, 1125, 1872, 1917))
(34,List(31, 32, 33, 34))
(1772,List(1771, 1772, 1773, 1774))
(474,List(472, 473, 474, 475))
(150,List(148, 149, 150, 1398))
(1994,List(1992, 1993, 1994, 1995))
(892,List(890, 892, 893, 1296))
(650,List(650, 651, 652, 1690))
(1042,List(1042, 1043, 1044, 1045))
(1022,List(1022, 1024, 1025, 1593))
(1680,List(1416, 1419, 1679, 1680, 1680, 1681, 1682, 1893))
(1540,List(1537, 1539, 1540, 1757))
(152,List(152, 153, 154, 155))
(368,List(365, 366, 367, 368))
(1682,List(1679, 1680, 1681, 1682))
(798,List(797, 798, 1699, 1857))
(1454,List(1371, 1373, 1451, 1452, 1453, 1454, 1454, 1454, 1644, 1748, 1864, 1937))
(1564,List(1563, 1564, 1565, 1956))
(1700,List(1699, 1700, 1701, 1702))
(236,List(235, 236, 237, 238))
(730,List(730, 731, 732, 733))
(316,List(315, 316, 317, 318))
(402,List(400, 401, 402, 403))
(406,List(405, 406, 407, 408))
(1602,List(1602, 1603, 1604, 1605))
(400,List(400, 401, 402, 403))
(1704,List(775, 777, 778, 1704, 1704, 1705, 1706, 1707))
(256,List(254, 256, 257, 340))
(1920,List(792, 830, 1170, 1917, 1918, 1919, 1920, 1920))
(888,List(887, 888, 1892, 1972))
(588,List(586, 587, 588, 1357))
(726,List(724, 725, 726, 727))
(1200,List(1198, 1199, 1200, 1707))
(1850,List(1846, 1847, 1848, 1850))
(1766,List(1766, 1767, 1768, 1769))
(1032,List(1032, 1033, 1034, 1035))
(120,List(120, 121, 122, 123))
(1598,List(1172, 1175, 1597, 1598, 1598, 1599, 1600, 1932))
(1218,List(1214, 1215, 1217, 1218, 1218, 1219, 1220, 1917))
(1452,List(1451, 1452, 1453, 1454))
(1356,List(1356, 1357, 1358, 1359))
(616,List(615, 616, 617, 618))
(890,List(890, 892, 893, 1296))
(1346,List(1346, 1347, 1348, 1349))
(166,List(164, 165, 166, 167))
(46,List(45, 46, 48, 1142))
(1922,List(1922, 1923, 1925, 1952))
(1874,List(998, 1341, 1872, 1873, 1874, 1874, 1874, 1875, 1925, 1932, 1988, 1989))
(1686,List(1686, 1687, 1791, 1792))
(1710,List(1709, 1710, 1711, 1712))
(572,List(570, 571, 572, 573))
(172,List(170, 172, 992, 1533))
(678,List(678, 679, 680, 681))
(1548,List(1060, 1089, 1180, 1271, 1341, 1342, 1343, 1508, 1547, 1548, 1548, 1548, 1548, 1550, 1706, 1839))
(1690,List(650, 651, 652, 1689, 1690, 1690, 1691, 1692))
(1472,List(1472, 1473, 1474, 1973))
(1750,List(1748, 1749, 1750, 1751))
(1864,List(872, 1371, 1373, 1454, 1565, 1862, 1863, 1864, 1864, 1864, 1865, 1992))
(1956,List(487, 532, 1320, 1563, 1564, 1565, 1956, 1956))
(304,List(303, 304, 305, 305))
(1762,List(1761, 1762, 1805, 1841))
(1624,List(1624, 1625, 1626, 1627))
(1102,List(1102, 1104, 1105, 1402))
(674,List(673, 674, 675, 676))
(378,List(375, 376, 377, 378))
(496,List(496, 498, 499, 615))
(662,List(660, 661, 662, 1691))
(498,List(496, 498, 499, 615))
(1306,List(282, 283, 773, 1306, 1306, 1308, 1309, 1757))
(872,List(872, 1565, 1864, 1992))
(830,List(792, 830, 830, 860, 1170, 1194, 1597, 1920))
(282,List(282, 283, 773, 1306))
(1672,List(1669, 1670, 1671, 1672))
(1498,List(1498, 1499, 1612, 1947))
(1502,List(1501, 1502, 1503, 1504))
(1792,List(1686, 1687, 1791, 1791, 1792, 1792, 1793, 1794))
(1888,List(1887, 1888, 1889, 1890))
(1534,List(1185, 1277, 1533, 1534, 1534, 1535, 1943, 1989))
(1362,List(989, 991, 1037, 1362, 1362, 1363, 1364, 1992))
(936,List(936, 938, 939, 1558))
(298,List(297, 298, 299, 300))
(1982,List(1982, 1983, 1984, 1985))
(158,List(157, 158, 159, 160))
(1608,List(1376, 1379, 1603, 1608, 1608, 1609, 1610, 1611))
(1972,List(887, 888, 972, 973, 1666, 1892, 1972, 1972, 1972, 1973, 1974, 1975))
(54,List(51, 53, 54, 115))
(702,List(701, 702, 703, 1541))
(456,List(453, 454, 455, 456))
(376,List(375, 376, 377, 378))
(720,List(719, 720, 721, 722))
(294,List(293, 294, 295, 1442))
(686,List(683, 684, 685, 686))
(1884,List(1882, 1882, 1884, 1884, 1885, 1885, 1933, 1933))
(64,List(61, 63, 64, 924))
(188,List(188, 1296, 1402, 1508))
(1488,List(911, 912, 947, 1486, 1487, 1488, 1488, 1705))
(770,List(770, 771, 772, 773))
(1978,List(1977, 1978, 1979, 1980))
(362,List(362, 938, 1643, 1645))
(132,List(130, 131, 132, 133))
(634,List(634, 635, 636, 1760))
(380,List(380, 381, 382, 383))
(862,List(860, 861, 862, 863))
(290,List(287, 288, 289, 290))
(70,List(70, 71, 72, 73))
(432,List(430, 431, 432, 433))
(508,List(507, 508, 509, 1412))
(640,List(639, 640, 641, 642))
(1052,List(1050, 1052, 1052, 1054, 1055, 1343, 1904, 1942))
(1354,List(1351, 1352, 1353, 1354))
(660,List(660, 661, 662, 1691))
(10,List(10, 11, 12, 13))
(818,List(815, 818, 1342, 1547))
(1290,List(1277, 1278, 1290, 1863))
(1998,List(1997, 1998, 1999, 2000))
(1516,List(1153, 1155, 1516, 1942))
(562,List(561, 562, 563, 1605))
(1342,List(815, 818, 1341, 1342, 1342, 1343, 1547, 1548))
(1948,List(1947, 1948, 1949, 1950))
(232,List(230, 231, 232, 455))
(1050,List(1050, 1052, 1904, 1942))
(1004,List(1003, 1004, 1005, 1597))
(1170,List(792, 830, 1167, 1168, 1169, 1170, 1170, 1920))
(0,List(0, 1, 2, 3))
(446,List(444, 445, 446, 447))
(1992,List(872, 1257, 1341, 1362, 1363, 1364, 1565, 1864, 1892, 1992, 1992, 1992, 1992, 1993, 1994, 1995))
(1366,List(1366, 1367, 1368, 1405))
(102,List(100, 101, 102, 103))
(1730,List(1729, 1730, 1731, 1882))
(1914,List(565, 566, 568, 1412, 1414, 1442, 1914, 1914, 1914, 1915, 1938, 1977))
(900,List(900, 902, 903, 1038))
(1620,List(1268, 1269, 1620, 1620, 1621, 1622, 1880, 2001))
(542,List(540, 541, 542, 543))
(598,List(595, 596, 597, 598))
(1560,List(1558, 1559, 1560, 1938))
(550,List(550, 552, 553, 1387))
(1248,List(1246, 1247, 1248, 1596))
(1392,List(915, 918, 1392, 1392, 1394, 1427, 1476, 1522))
(1938,List(783, 1007, 1282, 1422, 1423, 1424, 1558, 1559, 1560, 1914, 1915, 1937, 1938, 1938, 1938, 1938, 1938, 1939, 1940, 1977))
(656,List(654, 655, 656, 657))
(356,List(355, 356, 357, 358))
(348,List(346, 348, 461, 1147))
(1720,List(1719, 1720, 1721, 1722))
(762,List(760, 761, 762, 763))
(340,List(254, 256, 257, 340, 340, 341, 342, 343))
(1434,List(1431, 1432, 1433, 1434))
(130,List(130, 131, 132, 133))
(860,List(830, 860, 860, 861, 862, 863, 1194, 1597))
(582,List(580, 581, 582, 583))
(1804,List(1802, 1803, 1804, 1805))
(1314,List(1313, 1314, 1376, 1699))
(138,List(137, 138, 139, 140))
(170,List(170, 172, 992, 1533))
(1666,List(972, 973, 1664, 1666, 1666, 1667, 1838, 1972))
(1706,List(1180, 1271, 1548, 1704, 1705, 1706, 1706, 1707))
(480,List(477, 478, 479, 480))
(518,List(517, 518, 519, 1831))
(530,List(530, 532, 1302, 1551))
(732,List(730, 731, 732, 733))
(1528,List(1528, 1529, 1530, 1858))
(828,List(825, 827, 828, 1008))
(1652,List(991, 992, 993, 1649, 1650, 1651, 1652, 1652))
(1358,List(1356, 1357, 1358, 1359))
(1268,List(1268, 1269, 1620, 1880))
(1008,List(825, 827, 828, 1007, 1008, 1008, 1010, 1953))
(624,List(623, 624, 625, 626))
(212,List(209, 210, 211, 212))
(1318,List(1316, 1317, 1318, 1319))
(1364,List(1362, 1363, 1364, 1992))
(1740,List(1737, 1738, 1739, 1740))
(1552,List(1552, 1553, 1554, 1555))
(964,List(961, 962, 963, 964))
(288,List(287, 288, 289, 290))
(1858,List(1528, 1529, 1530, 1857, 1858, 1858, 1859, 1860))
(1446,List(1109, 1446, 1446, 1448, 1449, 1539, 1853, 1955))
(38,List(37, 38, 39, 777))
(1220,List(1217, 1218, 1219, 1220))
(1644,List(1454, 1462, 1463, 1464, 1583, 1584, 1585, 1644, 1644, 1644, 1644, 1645, 1748, 1849, 1937, 1955))
(1352,List(976, 978, 979, 1351, 1352, 1352, 1353, 1354))
(1242,List(1241, 1242, 1243, 1244))
(1438,List(1436, 1437, 1438, 1645))
(1702,List(1699, 1700, 1701, 1702))
(1812,List(1809, 1810, 1811, 1812))
(644,List(644, 646, 647, 1689))
(100,List(100, 101, 102, 103))
(2000,List(1271, 1272, 1933, 1997, 1998, 1999, 2000, 2000))
(112,List(110, 111, 112, 113))
(1284,List(1281, 1282, 1283, 1284))
(676,List(673, 674, 675, 676))
(1612,List(1498, 1499, 1612, 1947))
(1092,List(1092, 1093, 1094, 1095))
(1028,List(1028, 1029, 1365, 1506))
(300,List(297, 298, 299, 300))
(1412,List(507, 508, 509, 1412, 1412, 1414, 1442, 1914))
(632,List(629, 630, 631, 632))
(1476,List(1037, 1038, 1039, 1392, 1394, 1476, 1476, 1476, 1477, 1478, 1479, 1522))
(1872,List(1124, 1125, 1872, 1872, 1873, 1874, 1875, 1917))
(1222,List(1114, 1115, 1222, 1222, 1223, 1225, 1623, 1880))
(1822,List(1819, 1820, 1821, 1822))
(1988,List(998, 1874, 1987, 1988, 1988, 1989, 1989, 1990))
(850,List(850, 851, 852, 853))
(812,List(811, 812, 813, 1927))
(1070,List(1067, 1068, 1070, 1114))
(1408,List(1406, 1407, 1408, 1409))
(1614,List(1614, 1615, 1616, 1617))
(1600,List(333, 1494, 1512, 1597, 1598, 1599, 1600, 1600))
(532,List(487, 530, 532, 532, 1302, 1320, 1551, 1956))
(1422,List(1422, 1423, 1424, 1938))
(126,List(125, 126, 127, 128))
(1348,List(1346, 1347, 1348, 1349))
(118,List(115, 117, 118, 1401))
(1442,List(293, 294, 295, 1412, 1414, 1441, 1442, 1442, 1442, 1443, 1444, 1914))
(1962,List(1962, 1963, 1964, 1965))
(1130,List(1127, 1128, 1129, 1130))
(1860,List(1857, 1858, 1859, 1860))
(1980,List(1977, 1978, 1979, 1980))
(1254,List(1251, 1252, 1253, 1254))
(1594,List(1592, 1593, 1594, 1940))
(1958,List(1957, 1958, 1959, 1960))
(198,List(196, 197, 198, 199))
(738,List(735, 736, 737, 738))
(1272,List(1271, 1272, 1933, 2000))
(722,List(719, 720, 721, 722))
(898,List(896, 897, 898, 1592))
(1934,List(1897, 1899, 1900, 1932, 1933, 1934, 1934, 1935))
(388,List(385, 386, 387, 388))
(254,List(254, 256, 257, 340))
(630,List(629, 630, 631, 632))
(1622,List(1620, 1621, 1622, 2001))
(1842,List(1841, 1842, 1843, 1844))
(1950,List(1947, 1948, 1949, 1950))
(1012,List(1012, 1015, 1115, 1989))
(556,List(555, 556, 557, 558))
(1510,List(177, 537, 1368, 1510))
(1768,List(1766, 1767, 1768, 1769))
(1676,List(1674, 1675, 1676, 1677))
(1954,List(1952, 1953, 1954, 1955))
(1784,List(1781, 1782, 1783, 1784))
(1930,List(1927, 1928, 1929, 1930))
(28,List(25, 27, 28, 1886))
(1870,List(1867, 1868, 1869, 1870))
(222,List(220, 221, 222, 1316))
(958,List(957, 958, 1210, 1351))
(1394,List(1296, 1343, 1376, 1392, 1394, 1394, 1476, 1522))
(1590,List(1588, 1589, 1590, 1669))
(110,List(110, 111, 112, 113))
(336,List(335, 336, 337, 338))
(1810,List(1809, 1810, 1811, 1812))
(1332,List(1331, 1332, 1333, 1334))
(1474,List(1472, 1473, 1474, 1973))
(472,List(472, 473, 474, 475))
(654,List(654, 655, 656, 657))
(106,List(105, 106, 107, 108))
(322,List(320, 321, 322, 323))
(896,List(896, 897, 898, 1592))
(1558,List(936, 938, 939, 1558, 1558, 1559, 1560, 1938))
(546,List(545, 546, 547, 548))
(1650,List(1649, 1650, 1651, 1652))
(852,List(850, 851, 852, 853))
(1382,List(1381, 1382, 1383, 1384))
(1760,List(634, 635, 636, 1760))
(1078,List(1078, 1080, 1134, 1210))
(1064,List(1064, 1065, 1551, 1867))
(274,List(273, 274, 275, 276))
(942,List(942, 944, 1175, 1711))
(760,List(760, 761, 762, 763))
(1232,List(1232, 1233, 1234, 1381))
(1504,List(1501, 1502, 1503, 1504))
(1944,List(806, 1481, 1942, 1942, 1943, 1944, 1944, 1945))
(704,List(421, 422, 423, 704))
(566,List(263, 464, 565, 566, 566, 568, 1206, 1914))
(1484,List(460, 461, 677, 1481, 1483, 1484, 1484, 1711))
(1572,List(1572, 1573, 1574, 1575))
(1508,List(188, 1060, 1089, 1296, 1402, 1506, 1507, 1508, 1508, 1508, 1509, 1548))
(708,List(705, 706, 707, 708))
(1090,List(1089, 1090, 1491, 1536))
(1252,List(1251, 1252, 1253, 1254))
(182,List(180, 182, 775, 1398))
(1634,List(1634, 1635, 1636, 1637))
(1844,List(1542, 1543, 1545, 1841, 1842, 1843, 1844, 1844))
(1986,List(1158, 1159, 1160, 1986))
(1522,List(1392, 1394, 1476, 1512, 1515, 1522, 1522, 1522, 1523, 1524, 1525, 1570))
(1288,List(1287, 1288, 1289, 1927))
(32,List(31, 32, 33, 34))
(1660,List(1659, 1660, 1661, 1662))
(1238,List(1237, 1238, 1239, 1869))
(1642,List(1639, 1641, 1642, 1915))
(1692,List(1689, 1690, 1691, 1692))
(1244,List(1241, 1242, 1243, 1244))
(1024,List(1022, 1024, 1025, 1593))
(1326,List(592, 593, 1326, 1326, 1327, 1328, 1329, 1436))
(382,List(380, 381, 382, 383))
(1578,List(1577, 1578, 1579, 1580))
(768,List(765, 767, 768, 1873))
(806,List(806, 1481, 1942, 1944))
(88,List(85, 87, 88, 1441))
(1820,List(1819, 1820, 1821, 1822))
(618,List(615, 616, 617, 618))
(1776,List(1776, 1777, 1778, 1779))
(684,List(683, 684, 685, 686))
(1960,List(1957, 1958, 1959, 1960))
(670,List(668, 669, 670, 671))
(440,List(439, 440, 441, 442))
(876,List(876, 877, 878, 1649))
(502,List(501, 502, 503, 504))
(412,List(410, 411, 412, 1462))
(1738,List(1737, 1738, 1739, 1740))
(1208,List(1207, 1208, 1209, 1210))
(1478,List(1476, 1477, 1478, 1479))
(1432,List(1431, 1432, 1433, 1434))
(1388,List(1386, 1387, 1388, 1389))
(1662,List(1659, 1660, 1661, 1662))
(80,List(80, 83, 837, 1105))
(838,List(835, 837, 838, 1947))
(1448,List(1446, 1448, 1449, 1955))
(1802,List(1802, 1803, 1804, 1805))
(1436,List(592, 593, 1326, 1436, 1436, 1437, 1438, 1645))
(1886,List(25, 27, 28, 1886))
(1584,List(57, 59, 1583, 1583, 1584, 1584, 1585, 1644))
(396,List(395, 396, 397, 398))
(1936,List(390, 393, 1654, 1936))
(270,List(268, 269, 270, 271))
(1626,List(1624, 1625, 1626, 1627))
(202,List(201, 202, 203, 204))
(998,List(998, 1874, 1988, 1989))
(418,List(415, 416, 418, 1234))
(90,List(90, 91, 92, 93))
(868,List(867, 868, 1060, 1977))
(238,List(235, 236, 237, 238))
(18,List(15, 17, 18, 1443))
(1902,List(823, 1902, 1902, 1903, 1903, 1904, 1904, 1905))
(342,List(340, 341, 342, 343))
(552,List(550, 552, 553, 1387))
(268,List(268, 269, 270, 271))
(976,List(976, 978, 979, 1352))
(1034,List(1032, 1033, 1034, 1035))
(1568,List(1567, 1568, 1569, 1570))
(1188,List(1187, 1188, 1189, 1190))
(1018,List(1018, 1019, 1337, 1882))
(1114,List(1067, 1068, 1070, 1114, 1114, 1115, 1222, 1880))
(1794,List(1791, 1792, 1793, 1794))
(1214,List(1214, 1215, 1218, 1917))
(1506,List(1028, 1029, 1365, 1506, 1506, 1507, 1508, 1509))
(668,List(668, 669, 670, 671))
(1722,List(881, 883, 1719, 1720, 1721, 1722, 1722, 1887))
(1376,List(1296, 1313, 1314, 1343, 1376, 1376, 1376, 1379, 1394, 1603, 1608, 1699))
(568,List(565, 566, 568, 1914))
(1094,List(1092, 1093, 1094, 1095))
(504,List(501, 502, 503, 504))
(1542,List(1098, 1099, 1100, 1398, 1399, 1542, 1542, 1542, 1543, 1545, 1844, 1863))
(1904,List(823, 1050, 1052, 1902, 1902, 1903, 1903, 1904, 1904, 1904, 1905, 1942))
(1588,List(1588, 1589, 1590, 1669))
(1580,List(1577, 1578, 1579, 1580))
(1974,List(691, 1565, 1664, 1972, 1973, 1974, 1974, 1975))
(370,List(370, 372, 373, 1490))
(1458,List(1456, 1457, 1458, 1459))
(578,List(575, 576, 577, 578))
(142,List(142, 143, 144, 145))
(1788,List(1786, 1787, 1788, 1789))
(908,List(907, 908, 1287, 2001))
(538,List(535, 536, 537, 538))
(220,List(220, 221, 222, 1316))
(1712,List(1709, 1710, 1711, 1712))
(1990,List(1987, 1988, 1989, 1990))
(972,List(972, 973, 1666, 1972))
(1456,List(1456, 1457, 1458, 1459))
(1604,List(1602, 1603, 1604, 1605))
(1140,List(1137, 1139, 1140, 1946))
(442,List(439, 440, 441, 442))
(444,List(444, 445, 446, 447))
(1892,List(887, 888, 1257, 1341, 1892, 1892, 1892, 1893, 1894, 1895, 1972, 1992))
(710,List(710, 711, 712, 713))
(1118,List(1118, 1119, 1120, 1851))
(1756,List(1756, 1757, 1759, 1839))
(1748,List(1454, 1644, 1748, 1748, 1749, 1750, 1751, 1937))
(1134,List(1078, 1080, 1134, 1134, 1135, 1210, 1512, 1993))
(1836,List(1836, 1837, 1838, 1839))
(328,List(325, 326, 327, 328))
(1462,List(410, 411, 412, 1462, 1462, 1463, 1464, 1644))
(1778,List(1776, 1777, 1778, 1779))
(982,List(981, 982, 983, 984))
(2,List(0, 1, 2, 3))
(398,List(395, 396, 397, 398))
(1234,List(415, 416, 418, 1232, 1233, 1234, 1234, 1381))
(706,List(705, 706, 707, 708))
(230,List(230, 231, 232, 455))
(1204,List(1202, 1203, 1204, 1278))
(1798,List(1797, 1798, 1799, 1800))
(570,List(570, 571, 572, 573))
(1054,List(1052, 1054, 1055, 1343))
(1278,List(1202, 1203, 1204, 1277, 1278, 1278, 1290, 1863))
(1846,List(1846, 1846, 1847, 1847, 1848, 1848, 1849, 1850))
(1694,List(1694, 1695, 1696, 1697))
(610,List(610, 611, 613, 1671))
(792,List(792, 830, 1170, 1920))
(426,List(425, 426, 427, 428))
(1334,List(1331, 1332, 1333, 1334))
(1206,List(263, 464, 566, 1206))
(1512,List(333, 1134, 1135, 1494, 1512, 1512, 1512, 1515, 1522, 1570, 1600, 1993))
(1038,List(900, 902, 903, 1037, 1038, 1038, 1039, 1476))
(1082,List(1082, 1084, 1085, 1964))
(748,List(746, 747, 748, 749))
(1554,List(1552, 1553, 1554, 1555))
(416,List(415, 416, 418, 1234))
(358,List(355, 356, 357, 358))
(154,List(152, 153, 154, 155))
(746,List(746, 747, 748, 749))
(924,List(61, 63, 64, 921, 923, 924, 924, 1921))
(978,List(976, 978, 979, 1352))
(242,List(242, 243, 1705, 1875))
(938,List(362, 936, 938, 938, 939, 1558, 1643, 1645))
(1160,List(1158, 1159, 1160, 1986))
(1890,List(1887, 1888, 1889, 1890))
(680,List(678, 679, 680, 681))
(1464,List(1462, 1463, 1464, 1644))
(422,List(421, 422, 423, 704))
(596,List(595, 596, 597, 598))
(108,List(105, 106, 107, 108))
(1322,List(1322, 1323, 1324, 1669))
(1616,List(1614, 1615, 1616, 1617))
(1952,List(1922, 1923, 1925, 1952, 1952, 1953, 1954, 1955))
(1180,List(1180, 1271, 1548, 1706))
(148,List(148, 149, 150, 1398))
(540,List(540, 541, 542, 543))
(1384,List(1381, 1382, 1383, 1384))
(1444,List(1441, 1442, 1443, 1444))
(1610,List(1608, 1609, 1610, 1611))
(724,List(724, 725, 726, 727))
(410,List(410, 411, 412, 1462))
(276,List(273, 274, 275, 276))
(1536,List(1089, 1090, 1491, 1536))
(1292,List(1291, 1292, 1293, 1749))
(1194,List(830, 860, 927, 929, 1192, 1193, 1194, 1194, 1194, 1597, 1615, 1876))
(48,List(45, 46, 48, 1142))
(128,List(125, 126, 127, 128))
(1524,List(1142, 1143, 1145, 1522, 1523, 1524, 1524, 1525))
(1302,List(530, 532, 1301, 1302, 1302, 1303, 1304, 1551))
(1490,List(370, 372, 373, 1490))
(210,List(209, 210, 211, 212))
(642,List(639, 640, 641, 642))
(1530,List(1528, 1529, 1530, 1858))
(1964,List(1082, 1084, 1085, 1962, 1963, 1964, 1964, 1965))
(478,List(477, 478, 479, 480))
(932,List(932, 1419, 1426, 1428))
(580,List(580, 581, 582, 583))
(522,List(521, 522, 524, 1281))
(778,List(775, 777, 778, 1704))
(1147,List(346, 348, 461, 1147, 1147, 1148, 1149, 1150))
(1831,List(517, 518, 519, 1831))
(893,List(890, 892, 893, 1296))
(1921,List(921, 923, 924, 1921))
(1859,List(1857, 1858, 1859, 1860))
(1687,List(1686, 1687, 1791, 1792))
(373,List(370, 372, 373, 1490))
(1645,List(362, 938, 1436, 1437, 1438, 1643, 1644, 1645, 1645, 1645, 1849, 1955))
(1907,List(1907, 1908, 1909, 1910))
(1445,List(245, 246, 247, 1445))
(1925,List(1341, 1874, 1922, 1923, 1925, 1925, 1932, 1952))
(11,List(10, 11, 12, 13))
(1661,List(1659, 1660, 1661, 1662))
(1523,List(1522, 1523, 1524, 1525))
(1721,List(1719, 1720, 1721, 1722))
(1501,List(1501, 1502, 1503, 1504))
(303,List(303, 304, 305, 305))
(1329,List(1326, 1327, 1328, 1329))
(201,List(201, 202, 203, 204))
(703,List(701, 702, 703, 1541))
(1,List(0, 1, 2, 3))
(623,List(623, 624, 625, 626))
(1957,List(1957, 1958, 1959, 1960))
(1995,List(1992, 1993, 1994, 1995))
(17,List(15, 17, 18, 1443))
(535,List(535, 536, 537, 538))
(1739,List(1737, 1738, 1739, 1740))
(861,List(860, 861, 862, 863))
(447,List(444, 445, 446, 447))
(1989,List(998, 1012, 1015, 1115, 1533, 1534, 1535, 1874, 1880, 1937, 1987, 1988, 1988, 1989, 1989, 1989, 1989, 1989, 1990, 1993))
(1419,List(932, 1416, 1419, 1419, 1426, 1428, 1680, 1893))
(321,List(320, 321, 322, 323))
(367,List(365, 366, 367, 368))
(577,List(575, 576, 577, 578))
(967,List(967, 968, 969, 1927))
(1889,List(1887, 1888, 1889, 1890))
(77,List(75, 76, 77, 78))
(775,List(180, 182, 775, 775, 777, 778, 1398, 1704))
(719,List(719, 720, 721, 722))
(355,List(355, 356, 357, 358))
(1575,List(1572, 1573, 1574, 1575))
(283,List(282, 283, 773, 1306))
(1717,List(1714, 1715, 1716, 1717))
(1973,List(1472, 1473, 1474, 1972, 1973, 1973, 1974, 1975))
(131,List(130, 131, 132, 133))
(815,List(815, 818, 1342, 1547))
(403,List(400, 401, 402, 403))
(1583,List(57, 59, 1583, 1583, 1584, 1584, 1585, 1644))
(1409,List(1406, 1407, 1408, 1409))
(1261,List(1261, 1262, 1263, 1264))
(1467,List(1466, 1467, 1468, 1469))
(293,List(293, 294, 295, 1442))
(93,List(90, 91, 92, 93))
(1199,List(1198, 1199, 1200, 1707))
(1885,List(1882, 1882, 1884, 1884, 1885, 1885, 1933, 1933))
(851,List(850, 851, 852, 853))
(731,List(730, 731, 732, 733))
(453,List(453, 454, 455, 456))
(1165,List(1162, 1163, 1165, 1455))
(1029,List(1028, 1029, 1365, 1506))
(1677,List(1674, 1675, 1676, 1677))
(547,List(545, 546, 547, 548))
(1851,List(1118, 1119, 1120, 1851, 1851, 1852, 1853, 1854))
(701,List(701, 702, 703, 1541))
(929,List(927, 929, 1194, 1876))
(1553,List(1552, 1553, 1554, 1555))
(381,List(380, 381, 382, 383))
(1005,List(1003, 1004, 1005, 1597))
(1099,List(1098, 1099, 1100, 1542))
(1217,List(1217, 1218, 1219, 1220))
(1689,List(644, 646, 647, 1689, 1689, 1690, 1691, 1692))
(1241,List(1241, 1242, 1243, 1244))
(1731,List(1729, 1730, 1731, 1882))
(1363,List(1362, 1363, 1364, 1992))
(387,List(385, 386, 387, 388))
(1551,List(530, 532, 1064, 1065, 1302, 1551, 1551, 1867))
(711,List(710, 711, 712, 713))
(1125,List(1124, 1125, 1872, 1917))
(1635,List(1634, 1635, 1636, 1637))
(1873,List(765, 767, 768, 1872, 1873, 1873, 1874, 1875))
(375,List(375, 376, 377, 378))
(427,List(425, 426, 427, 428))
(1579,List(1577, 1578, 1579, 1580))
(263,List(263, 464, 566, 1206))
(835,List(835, 837, 838, 1947))
(1219,List(1217, 1218, 1219, 1220))
(127,List(125, 126, 127, 128))
(1383,List(1381, 1382, 1383, 1384))
(275,List(273, 274, 275, 276))
(541,List(540, 541, 542, 543))
(1597,List(830, 860, 1003, 1004, 1005, 1194, 1491, 1493, 1494, 1597, 1597, 1597, 1597, 1598, 1599, 1600))
(1563,List(1563, 1564, 1565, 1956))
(1615,List(1192, 1193, 1194, 1614, 1615, 1615, 1616, 1617))
(1399,List(1398, 1399, 1542, 1863))
(581,List(580, 581, 582, 583))
(1025,List(1022, 1024, 1025, 1593))
(1477,List(1476, 1477, 1478, 1479))
(1749,List(1291, 1292, 1293, 1748, 1749, 1749, 1750, 1751))
(827,List(825, 827, 828, 1008))
(83,List(80, 83, 837, 1105))
(771,List(770, 771, 772, 773))
(1427,List(915, 918, 1392, 1426, 1427, 1427, 1428, 1429))
(1671,List(610, 611, 613, 1669, 1670, 1671, 1671, 1672))
(1509,List(1506, 1507, 1508, 1509))
(1945,List(1942, 1943, 1944, 1945))
(651,List(650, 651, 652, 1690))
(1317,List(1316, 1317, 1318, 1319))
(735,List(735, 736, 737, 738))
(1997,List(1997, 1998, 1999, 2000))
(423,List(421, 422, 423, 704))
(1359,List(1356, 1357, 1358, 1359))
(915,List(22, 915, 915, 918, 1055, 1392, 1427, 1769))
(1055,List(22, 915, 1052, 1054, 1055, 1055, 1343, 1769))
(553,List(550, 552, 553, 1387))
(1159,List(1158, 1159, 1160, 1986))
(1433,List(1431, 1432, 1433, 1434))
(397,List(395, 396, 397, 398))
(1903,List(823, 1902, 1902, 1903, 1903, 1904, 1904, 1905))
(1567,List(1567, 1568, 1569, 1570))
(1709,List(1709, 1710, 1711, 1712))
(1949,List(1947, 1948, 1949, 1950))
(631,List(629, 630, 631, 632))
(1289,List(1287, 1288, 1289, 1927))
(863,List(860, 861, 862, 863))
(243,List(242, 243, 1705, 1875))
(1225,List(1222, 1223, 1225, 1623))
(95,List(95, 96, 97, 98))
(847,List(847, 848, 1398, 1862))
(1641,List(1639, 1641, 1642, 1915))
(1843,List(1841, 1842, 1843, 1844))
(1353,List(1351, 1352, 1353, 1354))
(73,List(70, 71, 72, 73))
(507,List(507, 508, 509, 1412))
(501,List(501, 502, 503, 504))
(1699,List(797, 798, 1313, 1314, 1376, 1699, 1699, 1699, 1700, 1701, 1702, 1857))
(571,List(570, 571, 572, 573))
(1437,List(1436, 1437, 1438, 1645))
(237,List(235, 236, 237, 238))
(1977,List(867, 868, 1060, 1914, 1915, 1938, 1977, 1977, 1977, 1978, 1979, 1980))
(1453,List(1371, 1451, 1452, 1453, 1453, 1454, 1897, 1900))
(143,List(142, 143, 144, 145))
(595,List(595, 596, 597, 598))
(1585,List(1583, 1584, 1585, 1644))
(7,List(5, 7, 8, 1663))
(961,List(961, 962, 963, 964))
(1035,List(1032, 1033, 1034, 1035))
(675,List(673, 674, 675, 676))
(1319,List(1316, 1317, 1318, 1319))
(499,List(496, 498, 499, 615))
(695,List(695, 696, 697, 698))
(439,List(439, 440, 441, 442))
(1037,List(989, 991, 1037, 1037, 1038, 1039, 1362, 1476))
(1237,List(1237, 1238, 1239, 1869))
(491,List(491, 492, 493, 494))
(327,List(325, 326, 327, 328))
(907,List(907, 908, 1287, 2001))
(1379,List(1376, 1379, 1603, 1608))
(1407,List(1406, 1407, 1408, 1409))
(1405,List(1366, 1367, 1368, 1405))
(513,List(511, 512, 513, 514))
(1373,List(1371, 1373, 1454, 1864))
(707,List(705, 706, 707, 708))
(685,List(683, 684, 685, 686))
(1947,List(835, 837, 838, 1498, 1499, 1612, 1947, 1947, 1947, 1948, 1949, 1950))
(1155,List(1153, 1155, 1516, 1942))
(1565,List(691, 872, 1563, 1564, 1565, 1565, 1565, 1664, 1864, 1956, 1974, 1992))
(1515,List(1512, 1515, 1522, 1570))
(111,List(110, 111, 112, 113))
(1337,List(1018, 1019, 1336, 1337, 1337, 1338, 1339, 1882))
(683,List(683, 684, 685, 686))
(415,List(415, 416, 418, 1234))
(1431,List(1431, 1432, 1433, 1434))
(1187,List(1187, 1188, 1189, 1190))
(1555,List(1552, 1553, 1554, 1555))
(597,List(595, 596, 597, 598))
(1849,List(1644, 1645, 1846, 1847, 1848, 1849, 1849, 1955))
(103,List(100, 101, 102, 103))
(1007,List(783, 1007, 1007, 1008, 1010, 1282, 1938, 1953))
(773,List(282, 283, 770, 771, 772, 773, 773, 1306))
(1149,List(1147, 1148, 1149, 1150))
(1065,List(1064, 1065, 1551, 1867))
(269,List(268, 269, 270, 271))
(1203,List(1202, 1203, 1204, 1278))
(1729,List(1729, 1730, 1731, 1882))
(1797,List(1797, 1798, 1799, 1800))
(53,List(51, 53, 54, 115))
(737,List(735, 736, 737, 738))
(1605,List(561, 562, 563, 1602, 1603, 1604, 1605, 1605))
(333,List(333, 1494, 1512, 1600))
(1175,List(942, 944, 1172, 1175, 1175, 1598, 1711, 1932))
(343,List(340, 341, 342, 343))
(613,List(610, 611, 613, 1671))
(1789,List(1786, 1787, 1788, 1789))
(1623,List(1222, 1223, 1225, 1623))
(393,List(390, 393, 1654, 1936))
(33,List(31, 32, 33, 34))
(561,List(561, 562, 563, 1605))
(1109,List(1109, 1446, 1539, 1853))
(1853,List(1109, 1446, 1539, 1851, 1852, 1853, 1853, 1854))
(1979,List(1977, 1978, 1979, 1980))
(763,List(760, 761, 762, 763))
(1243,List(1241, 1242, 1243, 1244))
(705,List(705, 706, 707, 708))
(797,List(797, 798, 1699, 1857))
(1707,List(1198, 1199, 1200, 1704, 1705, 1706, 1707, 1707))
(1559,List(1558, 1559, 1560, 1938))
(3,List(0, 1, 2, 3))
(1927,List(811, 812, 813, 967, 968, 969, 1287, 1288, 1289, 1927, 1927, 1927, 1927, 1928, 1929, 1930))
(1659,List(1659, 1660, 1661, 1662))
(123,List(120, 121, 122, 123))
(91,List(90, 91, 92, 93))
(1233,List(1232, 1233, 1234, 1381))
(1537,List(1537, 1539, 1540, 1757))
(271,List(268, 269, 270, 271))
(197,List(196, 197, 198, 199))
(177,List(177, 537, 1368, 1510))
(511,List(511, 512, 513, 514))
(867,List(867, 868, 1060, 1977))
(1287,List(907, 908, 1287, 1287, 1288, 1289, 1927, 2001))
(1867,List(1064, 1065, 1551, 1867, 1867, 1868, 1869, 1870))
(477,List(477, 478, 479, 480))
(557,List(555, 556, 557, 558))
(2001,List(907, 908, 1287, 1620, 1621, 1622, 2001, 2001))
(1737,List(1737, 1738, 1739, 1740))
(1089,List